Damier : 3 lignes, 6 colonnes
Solution en 12 mouvements
  5  1  2  3  4 10
 11  6  #  8  9 16
 17 12  7 13 14 15
SUD
  5  1  2  3  4 10
 11  6  7  8  9 16
 17 12  # 13 14 15
EST
  5  1  2  3  4 10
 11  6  7  8  9 16
 17 12 13  # 14 15
EST
  5  1  2  3  4 10
 11  6  7  8  9 16
 17 12 13 14  # 15
EST
  5  1  2  3  4 10
 11  6  7  8  9 16
 17 12 13 14 15  #
NORD
  5  1  2  3  4 10
 11  6  7  8  9  #
 17 12 13 14 15 16
NORD
  5  1  2  3  4  #
 11  6  7  8  9 10
 17 12 13 14 15 16
OUEST
  5  1  2  3  #  4
 11  6  7  8  9 10
 17 12 13 14 15 16
OUEST
  5  1  2  #  3  4
 11  6  7  8  9 10
 17 12 13 14 15 16
OUEST
  5  1  #  2  3  4
 11  6  7  8  9 10
 17 12 13 14 15 16
OUEST
  5  #  1  2  3  4
 11  6  7  8  9 10
 17 12 13 14 15 16
SUD
  5  6  1  2  3  4
 11  #  7  8  9 10
 17 12 13 14 15 16
SUD
  5  6  1  2  3  4
 11 12  7  8  9 10
 17  # 13 14 15 16
